date	available_capital	required_capital	solvency_ratio	capital_adequacy_ratio
3/30/2019	199110270.8	74248837.92	268.17	2.25
6/30/2019	115108030.1	66191895.83	173.9	2.25
9/30/2019	186166210.9	63493113.55	293.21	1.83
12/30/2019	196718446.4	68747704.53	286.15	1.57
3/30/2020	188939303.3	83793655.02	225.48	1.89
6/30/2020	146464733	69224557.08	211.58	1.78
9/30/2020	182427453.5	69638668.76	261.96	2.26
12/30/2020	122678830.1	85531464.89	143.43	2.04
3/30/2021	173532521.6	64629666.08	268.5	2.17
6/30/2021	168834863.2	84883409.5	198.9	2.4
9/30/2021	109636489.4	76004803.24	144.25	2.07
12/30/2021	119590577.3	85195877.13	140.37	1.55
3/30/2022	152067482	75065230.66	202.58	1.73
6/30/2022	113697300.6	75090561	151.41	1.93
9/30/2022	132429667.9	61756188.75	214.44	1.6
12/30/2022	109434228.6	74054474.63	147.78	1.52
3/30/2023	185990640.7	77821495	239	1.75
6/30/2023	152910062.9	67781927.13	225.59	1.59
9/30/2023	154800424.4	77156389.28	200.63	2.27
12/30/2023	168170449	87439090.48	192.33	2.14
3/30/2024	136917540.2	86960368.19	157.45	2.16
6/30/2024	132596200.2	75569824.29	175.46	1.89
9/30/2024	140165433.9	63252489.47	221.6	2.03
12/30/2024	155730614.1	62995475.62	247.21	2
